22641
2847
50661
61948
19626
64912
59400
29488
14801
51377
20867
48877
7731
62866
49884
9118
1066
35554
14907
51100
60473
8758
574
16191
45270
47053
27052
4578
9851
44786
58408
19986
56499
21020
54847
38004
10445
23871
37725
45166
5702
34583
35335
52139
40156
11089
25886
2057
1563
6146
8034
14604
50425
34006
62457
7274
34630
38452
31459
49015
60296
47672
36324
18081
52048
9635
12631
33756
19432
47943
18187
19062
4614
32210
22504
14550
51957
6744
1531
25962
21214
11599
29612
33173
48754
11557
2329
17955
29425
47159
56620
26352
54270
47362
47240
37175
18375
1660
13216
44939
57719
63556
4839
37482
46184
47813
27394
19045
2505
61144
42653
48071
41838
30521
38694
57669
10911
62573
54413
40497
32281
51599
54649
5837
63624
4802
3177
6491
1426
29726
40481
59956
34909
22231
52742
39728
8421
3560
21648
14562
17940
31792
32353
26925
18272
32702
9937
23686
33360
26982
35382
6198
44125
47359
10782
29254
53582
52635
58208
35276
13982
4772
10873
60969
28410
52912
41312
65497
39634
15226
53872
48113
48481
8259
28858
6743
42461
13523
42801
21731
48064
3010
34834
56458
57591
56080
54424
57416
1491
59965
3385
10661
16075
45504
60401
43678
33865
20649
12162
33538
28187
12085
34675
64973
30820
47041
49184
13384
50072
36830
15314
43721
63021
47299
48229
33828
27124
19898
24669
25469
12751
4275
4372
62075
44131
46248
64894
23017
15863
31697
55602
1843
48382
45183
41123
30669
64081
9088
32250
46833
19917
56871
60376
59464
64122
51403
26850
60792
45166
7452
30368
39755
7946
3634
27605
24453
62865
23310
64724
57542
29567
17280
40731
24644
45760
6042
59281
14310
42294
57037
14214
6356
43576
10821
62341
62678
4289
24046
49880
10843
36296
43305
5918
28118
62515
41969
19343
30135
31456
27405
53861
63126
52802
1643
8314
32191
39788
33754
49561
3884
21339
9916
24514
39843
35858
18069
41668
53778
43761
25477
61529
1764
50659
52320
65000
56067
55483
9974
18408
34026
20146
48161
18038
38565
20131
38580
14017
28225
24716
4819
39985
10581
42387
12923
63066
39397
36356
63658
18610
57732
25702
48832
57957
43341
9822
17273
46636
30840
36273
28908
38795
8700
16828
8976
58146
14952
26144
45820
44616
48090
60130
39054
17970
36153
34461
64676
60302
19863
20780
50624
44074
13151
54918
12343
35862
51926
51916
54808
55806
5793
31642
41457
17033
55792
46206
16102
41828
23745
9834
28791
39924
41331
59681
22713
46625
1623
25467
7568
49439
36812
41227
57386
37197
24134
49752
26235
63173
2474
1521
49283
65319
3759
46411
13164
53708
7699
44476
42720
61223
50756
1413
5627
53217
39215
31658
16601
48505
63316
39117
13990
59447
4433
7304
46540
52239
24587
3870
49581
45884
54204
28665
56909
53480
47517
28614
56283
64377
59675
46590
63841
25673
8817
46811
59411
58635
50122
17731
9088
10486
38272
38186
28337
23636
35920
58343
40838
24508
1905
7666
18441
10198
27306
39347
5645
54986
36911
28430
50088
52321
40268
63489
19425
60584
24062
39258
26132
28156
43263
24788
29815
52702
3412
12411
32559
64305
28400
52162
12710
11144
26352
62046
19326
15281
32930
58571
34321
26723
29686
59400
35579
52837
39833
9786
31717
41262
19991
14989
30763
48751
53478
48157
1528
1101
4090
47188
53924
6579
32502
38148
44385
42003
53365
45044
16444
57046
60993
263
61962
20004
41297
22350
41096
44005
5060
42314
57579
63958
8347
28342
3696
53763
46683
22388
18141
3707
18887
12623
13293
54732
63083
43490
4925
6647
55846
60653
17481
61279
377
36476
61893
36642
51824
52496
26985
53285
36227
31609
57182
51901
5477
32232
45305
53212
37466
60030
33233
60682
16836
19815
36496
42352
39227
57303
22150
3412
60449
22972
55312
64423
58731
25803
24791
60382
56149
11752
47589
33981
43681
34099
56458
36387
138
58915
33004
43860
32871
28134
40320
8270
8750
38733
16399
41587
17366
48797
12739
3665
55107
15794
18420
24946
41811
65369
36693
34322
59094
59576
8013
3069
41502
28285
5002
31614
5532
12904
10896
24993
31723
2587
56785
54936
59894
21193
31290
4987
29398
52261
7203
43698
62692
18571
18150
18962
15459
36492
45951
13687
48289
41348
31431
14427
62548
61813
52030
60287
31723
26331
18528
21632
46745
60167
9744
1919
34628
37391
13954
45546
17310
23957
57329
59480
20381
14614
14831
921
23718
11780
7290
2452
43065
20806
27937
219
55318
55750
27963
35099
11209
33239
46875
16864
51152
30926
15393
64554
23291
27
14922
11458
28155
27967
21000
52432
21769
55491
46282
14078
9957
49106
42490
30852
55552
23249
5030
37499
57558
19750
64957
53145
38091
37387
23258
22667
13562
30078
36023
50331
42297
57354
44087
26771
46794
62875
43586
29148
36998
52292
42865
31560
39304
60597
60665
47810
62257
5285
38381
24218
24004
55504
29849
21914
36106
57746
54557
59856
54003
32726
61569
6649
23255
49525
47749
64617
23445
20803
64748
9982
61178
47398
48304
50616
3188
51542
50536
54259
18918
18378
1195
42596
61934
50171
30511
25889
2406
46608
44002
14380
32869
31476
62046
11736
58353
27084
53851
27563
63291
8171
21815
8191
2960
16488
27065
14069
18419
41083
28898
51374
16922
9132
2441
829
58728
10071
62302
24737
7881
9671
25010
58105
47408
23320
5775
59013
17251
29355
59412
40210
24459
12381
61609
12412
1407
19992
11955
50481
46225
25160
5723
33097
24235
9970
59376
27690
44906
18821
7026
29956
52327
33208
65208
28431
33479
55128
41705
2129
10059
7484
20637
3722
64493
61296
7059
5232
24266
15854
34894
17241
9217
14455
64212
55712
30041
32090
20192
14391
14705
49298
17178
6326
3840
54453
35534
27768
12693
32862
26630
52184
25230
55944
43966
17949
5374
56326
11902
50619
25600
21728
4694
17723
45824
49038
64270
24034
36046
21140
31678
40425
23395
55410
7512
55216
48420
63363
63635
47377
34654
48159
2937
24908
20312
2266
24430
65505
40246
32770
11424
24239
40194
4035
23362
24754
17458
25889
50744
13400
58264
39448
11818
12194
4275
48759
56177
60543
44149
47597
380
24636
43682
9879
21246
57536
39581
26129
9257
39135
62089
28229
33613
2456
50881
50915
59591
19405
5129
27394
22952
46129
41011
52230
60622
54540
59006
61901
44261
9809
40933
41186
29412
38788
30460
